R{"pos_jNa"}=? [ I=T ]:
T Result
10 0.0
20 0.0
30 0.0
40 0.0
50 0.0
60 0.0
70 0.0
80 0.0
90 0.0
100 0.0

R{"neg_jNa"}=? [ I=T ]:
T Result
10 35404.81948908228
20 21473.079163407034
30 17459.80885369989
40 16949.806171552573
50 16949.806171552573
60 16949.806171552573
70 16949.806171552573
80 16949.806171552573
90 16949.806171552573
100 16949.806171552573

R{"pos_jK"}=? [ I=T ]:
T Result
10 1.7343118918209834E-108
20 1.4781637278396714E-88
30 4.085920811890698E-77
40 3.813136481916314E-69
50 4.4883826490291614E-63
60 3.342506861392057E-58
70 3.7221857491630943E-54
80 1.035688813023802E-50
90 1.0026667274806526E-47
100 4.233844763788241E-45

R{"neg_jK"}=? [ I=T ]:
T Result
10 5611324.080126609
20 3362589.932841361
30 2702952.1729772403
40 2534104.7481472804
50 2515868.357017941
60 2538462.9060324538
70 2567081.889538711
80 2591738.6258211685
90 2610477.9051620266
100 2623734.451671096

R{"pos_jPTX"}=? [ I=T ]:
T Result
10 1.285702703468271E-108
20 1.0959065663731924E-88
30 3.0297268687727224E-77
40 2.82802415393093E-69
50 3.3296781995112415E-63
60 2.4803921665483308E-58
70 2.763155668665123E-54
80 7.691640812996713E-51
90 7.44991494971972E-48
100 3.147434253245554E-45

R{"neg_jPTX"}=? [ I=T ]:
T Result
10 5646728.899615464
20 3384063.0120047624
30 2720411.9818308954
40 2550601.087360392
50 2532331.2420304306
60 2555140.114930428
70 2584005.7562959776
80 2608880.2918305877
90 2627797.0884911916
100 2641194.1525087073
