R{"pos_jNa"}=? [ I=T ]:
T Result
10 0.0
20 0.0
30 0.0
40 0.0
50 0.0
60 0.0
70 0.0
80 0.0
90 0.0
100 0.0

R{"neg_jNa"}=? [ I=T ]:
T Result
10 39006.46017375105
20 30361.08137070515
30 30361.08137070515
40 30361.08137070515
50 30361.08137070515
60 30361.08137070515
70 30361.08137070515
80 30361.08137070515
90 30361.08137070515
100 30361.08137070515

R{"pos_jK"}=? [ I=T ]:
T Result
10 0.012224948537703131
20 1.2661311560999364
30 13.918867621443761
40 63.030605782060576
50 179.34271522053535
60 386.04930304423965
70 692.8023304875834
80 806.6792624100686
90 806.6792624100686
100 806.6792624100686

R{"neg_jK"}=? [ I=T ]:
T Result
10 613778.8155572402
20 343564.2510289893
30 242180.5517823727
40 228244.37636955624
50 228244.37636955624
60 228244.37636955624
70 228244.37636955624
80 228244.37636955624
90 228244.37636955624
100 228244.37636955624

R{"pos_jPTX"}=? [ I=T ]:
T Result
10 0.007816493523359426
20 0.8095499094215018
30 8.899566184673882
40 40.30105487555912
50 114.6696992351002
60 246.83554843897377
70 442.9699570939946
80 515.7815765529216
90 515.7815765529216
100 515.7815765529216

R{"neg_jPTX"}=? [ I=T ]:
T Result
10 652785.2713223498
20 367975.6015317829
30 261750.60157761
40 252357.0154432029
50 252357.0154432029
60 252357.0154432029
70 252357.0154432029
80 252357.0154432029
90 252357.0154432029
100 252357.0154432029
