R{"pos_jNa"}=? [ I=T ]:
T Result
10 2.8619207514351747E-8
20 4.56299076844853E-7
30 2.301906431145687E-6
40 7.249646848095942E-6
50 1.7637311005951374E-5
60 3.6444673920665745E-5
70 6.728204534177925E-5
80 1.1437896959292836E-4
90 1.82573073160477E-4
100 2.7729905835122164E-4

R{"neg_jNa"}=? [ I=T ]:
T Result
10 840926.0099484153
20 838348.3838306257
30 835789.4761165078
40 833249.1508801396
50 830727.2731832312
60 828223.7090680259
70 825738.3255501151
80 823270.9906114283
90 820821.5731931094
100 818389.9431886629

R{"pos_jK"}=? [ I=T ]:
T Result
10 0.0
20 0.0
30 0.0
40 0.0
50 0.0
60 0.0
70 0.0
80 0.0
90 0.0
100 0.0

R{"neg_jK"}=? [ I=T ]:
T Result
10 138090.0678355482
20 137701.60073766712
30 137701.60073766712
40 137701.60073766712
50 137701.60073766712
60 137701.60073766712
70 137701.60073766712
80 137701.60073766712
90 137701.60073766712
100 137701.60073766712

R{"pos_jPTX"}=? [ I=T ]:
T Result
10 1.583891723401992E-14
20 1.0101078742554892E-12
30 1.1465098900545017E-11
40 6.419085563656507E-11
50 2.4400384857625846E-10
60 7.260191840638222E-10
70 1.8242875544199047E-9
80 4.050512333250534E-9
90 8.182586364129568E-9
100 1.5342692083007655E-8

R{"neg_jPTX"}=? [ I=T ]:
T Result
10 979016.077783933
20 976015.1753529737
30 973036.0655353948
40 970078.5900808644
50 967142.5918881996
60 964227.914996883
70 961334.4045789688
80 958461.9069306668
90 955610.2694643425
100 953994.9578010021
