R{"pos_jNa"}=? [ I=T ]:
T Result
10 1.6085679065913873E-8
20 1.5734038719958273E-7
30 5.245046878825729E-7
40 1.1646402212264788E-6
50 2.112694339953186E-6
60 3.4129766961640656E-6
70 5.123229749185203E-6
80 7.312792872433438E-6
90 1.0060097261123314E-5
100 1.345088794366517E-5

R{"neg_jNa"}=? [ I=T ]:
T Result
10 353029.1469981723
20 213727.55803597608
30 173658.33877426165
40 164012.64220965817
50 163611.43239265765
60 165659.20988550477
70 168017.84974467804
80 170083.4158254183
90 171745.15533522292
100 173037.26336670198

R{"pos_jK"}=? [ I=T ]:
T Result
10 1.7312263217379293E-108
20 1.4734678938888192E-88
30 4.067054992067458E-77
40 3.7900952079344025E-69
50 4.4549821830382753E-63
60 3.3130571455125944E-58
70 3.684409746880011E-54
80 1.0238240242219524E-50
90 9.899007137928988E-48
100 4.174665453229421E-45

R{"neg_jK"}=? [ I=T ]:
T Result
10 5595144.659357157
20 3346800.8843532125
30 2688327.5374859427
40 2519454.754683746
50 2500305.140101173
60 2521530.69626496
70 2548587.328361091
80 2571616.8380092545
90 2588719.9438381866
100 2600353.386558595

R{"pos_jPTX"}=? [ I=T ]:
T Result
10 6.518136212988954E-117
20 8.855674310926037E-96
30 1.2335587589939435E-83
40 3.618819076974433E-75
50 1.03356550908622E-68
60 1.5850396462189576E-63
70 3.2450844252845166E-59
80 1.5275093006098828E-55
90 2.347329929761637E-52
100 1.4960224222565662E-49

R{"neg_jPTX"}=? [ I=T ]:
T Result
10 5948173.806354248
20 3560528.442388732
30 2861985.8762597386
40 2683467.396892611
50 2663916.5724922093
60 2687189.9061472723
70 2716605.17810086
80 2741700.2538273637
90 2760465.0991635453
100 2773390.649912197
