R{"pos_jNa"}=? [ I=T ]:
T Result
10 8.109861507559116E-145
20 2.221030311819987E-133
30 1.0874736958251956E-126
40 6.060187451512989E-122
50 2.9071099924489454E-118
60 2.956266453678675E-115
70 1.0306620778967756E-112
80 1.641364379672002E-110
90 1.4367976696268674E-108
100 7.844677005410604E-107

R{"neg_jNa"}=? [ I=T ]:
T Result
10 8587528.413844876
20 8560064.425339716
30 8532803.55884055
40 8505744.312056463
50 8478885.193806551
60 8452224.7239397
70 8425761.433251629
80 8399493.863403557
90 8373420.566844395
100 8347540.1067272825

R{"pos_jK"}=? [ I=T ]:
T Result
10 0.0
20 0.0
30 0.0
40 0.0
50 0.0
60 0.0
70 0.0
80 0.0
90 0.0
100 0.0

R{"neg_jK"}=? [ I=T ]:
T Result
10 138071.59492775393
20 138002.68873977504
30 138002.68873977504
40 138002.68873977504
50 138002.68873977504
60 138002.68873977504
70 138002.68873977504
80 138002.68873977504
90 138002.68873977504
100 138002.68873977504

R{"pos_jPTX"}=? [ I=T ]:
T Result
10 8.864741059260601E-153
20 9.711073154898863E-141
30 1.069827806039321E-133
40 1.05988424559933E-128
50 7.94426303147196E-125
60 1.1633166356593011E-121
70 5.520316005069934E-119
80 1.1482493871493915E-116
90 1.2721301431810919E-114
100 8.574832128046161E-113

R{"neg_jPTX"}=? [ I=T ]:
T Result
10 8725600.008772504
20 8697694.450135697
30 8669995.279381966
40 8642500.970065992
50 8615210.007030923
60 8588120.88632698
70 8561232.115127357
80 8534542.211645603
90 8508049.705055764
100 8481753.135408994
