R{"pos_jNa"}=? [ I=T ]:
T Result
10 1.7171350428837738E-8
20 1.7667698640976986E-7
30 6.115925350631992E-7
40 1.3948856179330426E-6
50 2.576865161222737E-6
60 4.212968602896548E-6
70 6.373293048268219E-6
80 9.143151018417639E-6
90 1.262090802769998E-5
100 1.6915684483993773E-5

R{"neg_jNa"}=? [ I=T ]:
T Result
10 388930.3568135557
20 242924.36786409921
30 194610.08804413528
40 180132.50721513855
50 177549.79312927756
60 178893.0588060128
70 181248.06528535066
80 183587.00093596175
90 185586.53275021387
100 187179.99004278638

R{"pos_jK"}=? [ I=T ]:
T Result
10 0.012204435552044717
20 1.26214273897876
30 13.85633177566237
40 62.6708003089116
50 178.12133223811202
60 383.03239500880943
70 686.7485921063658
80 1086.2354133735284
90 1570.1312320946784
100 2122.8815934693544

R{"neg_jK"}=? [ I=T ]:
T Result
10 611966.9576407768
20 341799.60413686314
30 240673.2990434497
40 200518.53633706484
50 182866.2207236368
60 173450.60458444405
70 166953.66701337893
80 161440.36038568415
90 156251.57067522418
100 151197.2130216693

R{"pos_jPTX"}=? [ I=T ]:
T Result
10 2.1121747984122828E-16
20 3.7554509392181754E-13
30 2.219351654418117E-11
40 3.3404913997790553E-10
50 2.4194459380651324E-9
60 1.1176063872768373E-8
70 3.821146144867823E-8
80 1.0557133216522573E-7
90 2.4919975306864756E-7
100 5.217008402504952E-7

R{"neg_jPTX"}=? [ I=T ]:
T Result
10 1000897.3022498778
20 584722.709858021
30 435269.5307552287
40 380588.37275048357
50 360237.892518072
60 351960.6309912482
70 347514.9837002911
80 343941.12589921843
90 340267.9721809352
100 336254.321454527
