R{"pos_jNa"}=? [ I=T ]:
T Result
10 8.107025794994278E-145
20 2.220641837500949E-133
30 1.0873468539081329E-126
40 6.05965717343428E-122
50 2.9069064403805407E-118
60 2.9560939175418964E-115
70 1.0306105065768993E-112
80 1.6412924999356623E-110
90 1.4367417266433589E-108
100 7.844402046081975E-107

R{"neg_jNa"}=? [ I=T ]:
T Result
10 8587527.720309725
20 8560063.739653565
30 8532802.880948113
40 8505743.641902061
50 8478884.531335635
60 8452224.069097362
70 8425760.78598411
80 8399493.223657459
90 8373419.934565766
100 8347539.481862957

R{"pos_jK"}=? [ I=T ]:
T Result
10 0.0
20 0.0
30 0.0
40 0.0
50 0.0
60 0.0
70 0.0
80 0.0
90 0.0
100 0.0

R{"neg_jK"}=? [ I=T ]:
T Result
10 138071.58377495766
20 137630.0137672332
30 137543.17842043497
40 137543.17842043497
50 137543.17842043497
60 137543.17842043497
70 137543.17842043497
80 137543.17842043497
90 137543.17842043497
100 137543.17842043497

R{"pos_jPTX"}=? [ I=T ]:
T Result
10 8.861478365144631E-153
20 9.709285281331391E-141
30 1.0696964601424347E-133
40 1.0597866274361848E-128
50 7.94367754362754E-125
60 1.163245172848386E-121
70 5.520025270357883E-119
80 1.1481964605546415E-116
90 1.272078010146016E-114
100 8.574515794223578E-113

R{"neg_jPTX"}=? [ I=T ]:
T Result
10 8725599.304084592
20 8697693.753420962
30 8669994.59058423
40 8642500.289128743
50 8615209.333898783
60 8588120.220944615
70 8561231.4574396
80 8534541.56159791
90 8508049.062594024
100 8481752.500478845
