R{"e1"}=? [ C<=T ]:
T Result
10 1.8609746100423852E-5
20 1.8609746100423852E-5
30 1.8609746100423852E-5
40 1.8609746100423852E-5
50 1.8609746100423852E-5
60 1.8609746100423852E-5
70 1.8609746100423852E-5
80 1.8609746100423852E-5
90 1.8609746100423852E-5
100 1.8609746100423852E-5

R{"e2"}=? [ C<=T ]:
T Result
10 2.5702347821154084E-7
20 2.5702347821154084E-7
30 2.5702347821154084E-7
40 2.5702347821154084E-7
50 2.5702347821154084E-7
60 2.5702347821154084E-7
70 2.5702347821154084E-7
80 2.5702347821154084E-7
90 2.5702347821154084E-7
100 2.5702347821154084E-7

R{"na3e1"}=? [ C<=T ]:
T Result
10 0.0
20 0.0
30 0.0
40 0.0
50 0.0
60 0.0
70 0.0
80 0.0
90 0.0
100 0.0

R{"_na2_e2"}=? [ C<=T ]:
T Result
10 0.0
20 0.0
30 0.0
40 0.0
50 0.0
60 0.0
70 0.0
80 0.0
90 0.0
100 0.0

R{"_k2_e2"}=? [ C<=T ]:
T Result
10 0.0
20 0.0
30 0.0
40 0.0
50 0.0
60 0.0
70 0.0
80 0.0
90 0.0
100 0.0

R{"ptxe"}=? [ C<=T ]:
T Result
10 6.797636323925072
20 10.401491244570801
30 12.955958795994501
40 15.18432038403115
50 17.382829387488663
60 19.581338390946172
70 21.77984739440368
80 23.978356397861194
90 26.176865401318707
100 28.375374404776217

R{"ptx_na2_e"}=? [ C<=T ]:
T Result
10 0.0
20 0.0
30 0.0
40 0.0
50 0.0
60 0.0
70 0.0
80 0.0
90 0.0
100 0.0

R{"ptx_k2_e"}=? [ C<=T ]:
T Result
10 3.20234480924074
20 9.598489888498783
30 17.000609220712185
40 24.5007740322323
50 32.000938843752415
60 39.50110365527253
70 47.00126846679264
80 54.50143327831275
90 62.00159808983287
100 69.50176290135299

R{"r1rate"}=? [ C<=T ]:
T Result
10 2.5702347821154036E-5
20 2.5702347821154036E-5
30 2.5702347821154036E-5
40 2.5702347821154036E-5
50 2.5702347821154036E-5
60 2.5702347821154036E-5
70 2.5702347821154036E-5
80 2.5702347821154036E-5
90 2.5702347821154036E-5
100 2.5702347821154036E-5

R{"r2rate"}=? [ C<=T ]:
T Result
10 0.0
20 0.0
30 0.0
40 0.0
50 0.0
60 0.0
70 0.0
80 0.0
90 0.0
100 0.0

R{"r3rate"}=? [ C<=T ]:
T Result
10 0.0
20 0.0
30 0.0
40 0.0
50 0.0
60 0.0
70 0.0
80 0.0
90 0.0
100 0.0

R{"r4rate"}=? [ C<=T ]:
T Result
10 0.0
20 0.0
30 0.0
40 0.0
50 0.0
60 0.0
70 0.0
80 0.0
90 0.0
100 0.0

R{"rr1rate"}=? [ C<=T ]:
T Result
10 0.0018609746100423847
20 0.0018609746100423847
30 0.0018609746100423847
40 0.0018609746100423847
50 0.0018609746100423847
60 0.0018609746100423847
70 0.0018609746100423847
80 0.0018609746100423847
90 0.0018609746100423847
100 0.0018609746100423847

R{"rr2rate"}=? [ C<=T ]:
T Result
10 0.0
20 0.0
30 0.0
40 0.0
50 0.0
60 0.0
70 0.0
80 0.0
90 0.0
100 0.0

R{"rr3rate"}=? [ C<=T ]:
T Result
10 0.0
20 0.0
30 0.0
40 0.0
50 0.0
60 0.0
70 0.0
80 0.0
90 0.0
100 0.0

R{"rr4rate"}=? [ C<=T ]:
T Result
10 0.0
20 0.0
30 0.0
40 0.0
50 0.0
60 0.0
70 0.0
80 0.0
90 0.0
100 0.0

R{"rp1rate"}=? [ C<=T ]:
T Result
10 0.9981647277377788
20 0.9981647277377788
30 0.9981647277377788
40 0.9981647277377788
50 0.9981647277377788
60 0.9981647277377788
70 0.9981647277377788
80 0.9981647277377788
90 0.9981647277377788
100 0.9981647277377788

R{"rp2rate"}=? [ C<=T ]:
T Result
10 0.0018352722622212289
20 0.0018352722622212289
30 0.0018352722622212289
40 0.0018352722622212289
50 0.0018352722622212289
60 0.0018352722622212289
70 0.0018352722622212289
80 0.0018352722622212289
90 0.0018352722622212289
100 0.0018352722622212289

R{"rp3rate"}=? [ C<=T ]:
T Result
10 0.0
20 0.0
30 0.0
40 0.0
50 0.0
60 0.0
70 0.0
80 0.0
90 0.0
100 0.0

R{"rp4rate"}=? [ C<=T ]:
T Result
10 0.0
20 0.0
30 0.0
40 0.0
50 0.0
60 0.0
70 0.0
80 0.0
90 0.0
100 0.0

R{"rp5rate"}=? [ C<=T ]:
T Result
10 0.0
20 0.0
30 0.0
40 0.0
50 0.0
60 0.0
70 0.0
80 0.0
90 0.0
100 0.0

R{"rp6rate"}=? [ C<=T ]:
T Result
10 0.6258817670759054
20 0.9548400788690298
30 1.1848470513413407
40 1.3818244044871562
50 1.5704126944597858
60 1.7588597062040938
70 1.9473067179484018
80 2.13575372969271
90 2.324200741437018
100 2.512647753181326

R{"rp7rate"}=? [ C<=T ]:
T Result
10 0.10247503377123447
20 0.30715161672433094
30 0.5454070254826778
40 0.7944786507719328
50 1.0463333417798608
60 1.298123473252577
70 1.5488678699382923
80 1.798404057318763
90 2.0477447759515224
100 2.297085494584282

R{"rp8rate"}=? [ C<=T ]:
T Result
10 0.0
20 0.0
30 0.0
40 0.0
50 0.0
60 0.0
70 0.0
80 0.0
90 0.0
100 0.0

R{"rp9rate"}=? [ C<=T ]:
T Result
10 0.0
20 0.0
30 0.0
40 0.0
50 0.0
60 0.0
70 0.0
80 0.0
90 0.0
100 0.0

R{"rrp1rate"}=? [ C<=T ]:
T Result
10 0.0
20 0.0
30 0.0
40 0.0
50 0.0
60 0.0
70 0.0
80 0.0
90 0.0
100 0.0

R{"rrp2rate"}=? [ C<=T ]:
T Result
10 0.0
20 0.0
30 0.0
40 0.0
50 0.0
60 0.0
70 0.0
80 0.0
90 0.0
100 0.0

R{"rrp3rate"}=? [ C<=T ]:
T Result
10 0.0
20 0.0
30 0.0
40 0.0
50 0.0
60 0.0
70 0.0
80 0.0
90 0.0
100 0.0

R{"rrp4rate"}=? [ C<=T ]:
T Result
10 0.0
20 0.0
30 0.0
40 0.0
50 0.0
60 0.0
70 0.0
80 0.0
90 0.0
100 0.0

R{"rrp5rate"}=? [ C<=T ]:
T Result
10 0.0
20 0.0
30 0.0
40 0.0
50 0.0
60 0.0
70 0.0
80 0.0
90 0.0
100 0.0

R{"rrp6rate"}=? [ C<=T ]:
T Result
10 0.0012045168243419095
20 0.011495971357722963
30 0.03707140857150334
40 0.07867449147858518
50 0.13462312767903722
60 0.20267113483714833
70 0.2807185192539171
80 0.3670061761041727
90 0.45898721944376975
100 0.5514640054877225

R{"rrp7rate"}=? [ C<=T ]:
T Result
10 0.015373951813268316
20 0.0744042659033117
30 0.16556799408588516
40 0.27642423639127234
50 0.40005603977401466
60 0.5291835719839848
70 0.6583258212433204
80 0.787468070502656
90 0.9166103197619915
100 1.045752569021327

R{"rrp8rate"}=? [ C<=T ]:
T Result
10 0.0
20 0.0
30 0.0
40 0.0
50 0.0
60 0.0
70 0.0
80 0.0
90 0.0
100 0.0

R{"rrp9rate"}=? [ C<=T ]:
T Result
10 0.0
20 0.0
30 0.0
40 0.0
50 0.0
60 0.0
70 0.0
80 0.0
90 0.0
100 0.0
