R{"pos_jNa"}=? [ I=T ]:
T Result
10 1.6085967845231605E-8
20 1.5734171746551344E-7
30 5.245075724504769E-7
40 1.1646450533980156E-6
50 2.112701554229644E-6
60 3.4129868271363655E-6
70 5.123243441048957E-6
80 7.312810875305394E-6
90 1.0060120427354604E-5
100 1.3450917226866679E-5

R{"neg_jNa"}=? [ I=T ]:
T Result
10 353028.2306298668
20 213727.3762189649
30 173658.379215353
40 164012.75317113812
50 163611.56514099854
60 165659.34838875695
70 168017.9888213366
80 170083.55392131183
90 171745.29208186438
100 173037.39875774246

R{"pos_jK"}=? [ I=T ]:
T Result
10 1.7317990921446793E-108
20 1.4737078291677003E-88
30 4.06748965011555E-77
40 3.790394348720378E-69
50 4.4552592349746996E-63
60 3.313226295703646E-58
70 3.684568634121115E-54
80 1.0238621042633722E-50
90 9.899329820824774E-48
100 4.174786245081899E-45

R{"neg_jK"}=? [ I=T ]:
T Result
10 5595129.878291486
20 3346797.836910392
30 2688328.052033518
40 2519456.4002304384
50 2500307.1342284284
60 2521532.781265578
70 2548589.420858825
80 2571618.912965799
90 2588721.995319239
100 2600355.4144788445

R{"pos_jPTX"}=? [ I=T ]:
T Result
10 6.52042152468924E-117
20 8.857203798027753E-96
30 1.233698704891243E-83
40 3.619122518419241E-75
50 1.0336338488377788E-68
60 1.585125751324241E-63
70 3.2452334314820843E-59
80 1.5275698363489089E-55
90 2.347411512706008E-52
100 1.496068603564266E-49

R{"neg_jPTX"}=? [ I=T ]:
T Result
10 5948158.108923043
20 3560525.2131297016
30 2861986.4312487585
40 2683469.1534010232
50 2663918.699367629
60 2687192.129651003
70 2716607.409675721
80 2741702.4668809553
90 2760467.2873922545
100 2773392.8132240595
