R{"pos_jNa"}=? [ I=T ]:
T Result
10 2.8618618780594324E-8
20 4.562942040507639E-7
30 2.3018894402904253E-6
40 7.249605291968557E-6
50 1.763722735945674E-5
60 3.6444525125853526E-5
70 6.728180236247939E-5
80 1.1437859697880917E-4
90 1.825725286204088E-4
100 2.772982923359166E-4

R{"neg_jNa"}=? [ I=T ]:
T Result
10 840925.3495789055
20 838347.7290016321
30 835788.8267876018
40 833248.5070112062
50 830726.6347344179
60 828223.0759997807
70 825737.6978232027
80 823270.3681868294
90 820820.9560321684
100 818389.3312529689

R{"pos_jK"}=? [ I=T ]:
T Result
10 0.0
20 0.0
30 0.0
40 0.0
50 0.0
60 0.0
70 0.0
80 0.0
90 0.0
100 0.0

R{"neg_jK"}=? [ I=T ]:
T Result
10 138089.9592444811
20 137666.68369207112
30 137246.48234523778
40 136829.33288132856
50 136415.21313975553
60 136004.10112084053
70 135595.97498464343
80 135190.81304977587
90 134790.60558332337
100 134790.5707342744

R{"pos_jPTX"}=? [ I=T ]:
T Result
10 1.5838434736160106E-14
20 1.0100920913060266E-12
30 1.146497646765114E-11
40 6.419032892136775E-11
50 2.440022085365914E-10
60 7.260150226032835E-10
70 1.8242783872991905E-9
80 4.05049412683919E-9
90 8.182552959482896E-9
100 1.5342634510970696E-8

R{"neg_jPTX"}=? [ I=T ]:
T Result
10 979015.3088233318
20 976014.4126932322
30 973035.3091305378
40 970077.8398852757
50 967141.8478565313
60 964227.1770842086
70 961333.6727405775
80 958461.1811222617
90 955609.5496419164
100 952778.626820204
