R{"pos_jNa"}=? [ I=T ]:
T Result
10 0.0
20 0.0
30 0.0
40 0.0
50 0.0
60 0.0
70 0.0
80 0.0
90 0.0
100 0.0

R{"neg_jNa"}=? [ I=T ]:
T Result
10 39006.49921037484
20 24411.820082104245
30 19575.073264324288
40 18544.92217525481
50 18544.92217525481
60 18544.92217525481
70 18544.92217525481
80 18544.92217525481
90 18544.92217525481
100 18544.92217525481

R{"pos_jK"}=? [ I=T ]:
T Result
10 0.012224808631892556
20 1.2661247472412995
30 13.918825942530319
40 63.03047963798374
50 179.34245808194422
60 386.04888781351735
70 692.8017524961788
80 1096.7577447161696
90 1586.6272610581887
100 2146.832557653532

R{"neg_jK"}=? [ I=T ]:
T Result
10 613779.5126130105
20 343564.50636815705
30 242180.65055772156
40 201861.48365591106
50 184145.2208079406
60 174727.20389902344
70 168258.03873697048
80 162784.35146060088
90 157637.8003312911
100 152624.1741276102

R{"pos_jPTX"}=? [ I=T ]:
T Result
10 0.007816404069169045
20 0.809545811669683
30 8.899539535646944
40 40.30097422046246
50 114.66953482359042
60 246.8352829451861
70 442.96958753294564
80 701.2544700558784
90 1014.4714860595533
100 1372.660402690518

R{"neg_jPTX"}=? [ I=T ]:
T Result
10 652786.0074149536
20 367975.86987134005
30 261750.7045356688
40 219966.43635016555
50 201956.34345667952
60 192608.2989983596
70 186276.2044382073
80 180903.84833805842
90 175794.04783240912
100 170751.24868002906
