R{"pos_jNa"}=? [ I=T ]:
T Result
10 1.7171663591042638E-8
20 1.766785184535672E-7
30 6.115959948764612E-7
40 1.394891557512335E-6
50 2.5768741474569537E-6
60 4.2129813067015515E-6
70 6.3733102741850185E-6
80 9.143173709430484E-6
90 1.2620937263497802E-5
100 1.691572147933651E-5

R{"neg_jNa"}=? [ I=T ]:
T Result
10 388929.47355529974
20 242924.1625771465
30 194610.11245052266
40 180132.61436398185
50 177549.93019431585
60 178893.20603519282
70 181248.2152160752
80 183587.15076612402
90 185586.68144829382
100 187180.13724432918

R{"pos_jK"}=? [ I=T ]:
T Result
10 0.012204871748208227
20 1.262163251945571
30 13.856469507043375
40 62.671233200222886
50 178.12225385511294
60 383.0339577200579
70 686.7508874437058
80 1086.2384779809163
90 1440.3161232226846
100 1440.3161232226846

R{"neg_jK"}=? [ I=T ]:
T Result
10 611965.3162757896
20 341799.0957391301
30 240673.18627244895
40 219877.71891648346
50 219877.71891648346
60 219877.71891648346
70 219877.71891648346
80 219877.71891648346
90 219877.71891648346
100 219877.71891648346

R{"pos_jPTX"}=? [ I=T ]:
T Result
10 2.1122928825486814E-16
20 3.755550362409951E-13
30 2.2193889717879024E-11
40 3.340531778990991E-10
50 2.419468500565115E-9
60 1.1176148117034198E-8
70 3.8211702229603556E-8
80 1.0557190268077906E-7
90 2.4920093161384364E-7
100 5.217030351757604E-7

R{"neg_jPTX"}=? [ I=T ]:
T Result
10 1000894.777626318
20 584721.9961528981
30 435269.44225287565
40 380588.50941696507
50 360238.1086147079
60 351960.8718326324
70 347515.2287940222
80 343941.36780840904
90 340268.20844247885
100 336254.5514642771
