R{"pos_jNa"}=? [ I=T ]:
T Result
10 5.082903837598733E-145
20 8.819663426124163E-134
30 2.7594442532433825E-127
40 9.90145800367937E-123
50 3.079844335565765E-119
60 2.0443147310131212E-116
70 4.6821089624491866E-114
80 4.929193777484167E-112
90 2.8701287487743043E-110
100 1.0487798410931712E-108

R{"neg_jNa"}=? [ I=T ]:
T Result
10 3971796.7115889885
20 2480551.072238336
30 1987121.0764057946
40 1839253.9809465432
50 1812847.445751741
60 1826521.8157804478
70 1850520.7479848622
80 1874351.5598983746
90 1894714.469570921
100 1910929.8304060064

R{"pos_jK"}=? [ I=T ]:
T Result
10 0.012203163663250268
20 1.2619529671958387
30 13.8535181509205
40 62.654926793284226
50 178.06793243123707
60 382.9011384152357
70 686.4860005926575
80 1085.7798713652853
90 1569.4181102640566
100 1888.2866390267538

R{"neg_jK"}=? [ I=T ]:
T Result
10 611890.8662204304
20 341724.19281971845
30 240608.57207691265
40 204516.44685970462
50 204516.44685970462
60 204516.44685970462
70 204516.44685970462
80 204516.44685970462
90 204516.44685970462
100 204516.44685970462

R{"pos_jPTX"}=? [ I=T ]:
T Result
10 7.302832623232836E-156
20 2.4556208299872202E-142
30 1.5051702600441247E-134
40 4.166442321653981E-129
50 6.028129836918252E-125
60 1.3564716777003677E-121
70 8.490997859898284E-119
80 2.0915011565690897E-116
90 2.5350603212782507E-114
100 1.761020122677584E-112

R{"neg_jPTX"}=? [ I=T ]:
T Result
10 4583687.565605886
20 2822274.0031041713
30 2227715.7949635866
40 2039652.081539996
50 1995480.52333575
60 1999534.5300945158
70 2016731.7399523165
80 2034648.2482225117
90 2049336.9181791109
100 2059943.748083063
