R{"pos_jNa"}=? [ I=T ]:
T Result
10 0.0
20 0.0
30 0.0
40 0.0
50 0.0
60 0.0
70 0.0
80 0.0
90 0.0
100 0.0

R{"neg_jNa"}=? [ I=T ]:
T Result
10 35404.780275975805
20 25740.0803442081
30 25740.0803442081
40 25740.0803442081
50 25740.0803442081
60 25740.0803442081
70 25740.0803442081
80 25740.0803442081
90 25740.0803442081
100 25740.0803442081

R{"pos_jK"}=? [ I=T ]:
T Result
10 1.7344994116709143E-108
20 1.478242182271129E-88
30 4.0860627686253176E-77
40 3.813234056664483E-69
50 4.4884728961215746E-63
60 3.342561879734019E-58
70 3.722237347798227E-54
80 1.0357011586006676E-50
90 1.0026771699974668E-47
100 4.233883778890255E-45

R{"neg_jK"}=? [ I=T ]:
T Result
10 5611317.777690095
20 3362588.0636006407
30 2702951.64888948
40 2534104.643814916
50 2515868.3758205543
60 2538462.9523352804
70 2567081.934208436
80 2591738.661596434
90 2610477.9316132846
100 2623734.470193238

R{"pos_jPTX"}=? [ I=T ]:
T Result
10 1.2858417182489815E-108
20 1.0959647324801758E-88
30 3.029832131115002E-77
40 2.828096521586857E-69
50 3.3297451502809325E-63
60 2.4804329956724617E-58
70 2.763193974550414E-54
80 7.691732504151341E-51
90 7.44999254467624E-48
100 3.147463259809409E-45

R{"neg_jPTX"}=? [ I=T ]:
T Result
10 5646722.557965716
20 3384061.1312748957
30 2720411.4546279428
40 2550600.9825134384
50 2532331.261074175
60 2555140.161636684
70 2584005.8013521656
80 2608880.3279306972
90 2627797.115204726
100 2641194.171240589
